30196
29862
25752
12210
27699
7050
25677
33201
5679
25302
5652
12491
31576
32488
31389
30356
9140
29074
32948
29179
3123
32402
38910
33111
27790
30978
31938
37106
32401
30355
4599
27396
9049
33112
38661
38900
31393
20111
16808
4783
33117
833
26072
38658
12249
33118
4605
4697
20149
31455
31456
20470
9817
6722
4609
34395
4603
25716
19459
33200
16051
19726
25696
27757
21321
25301
25746
1825
27879
13628
39040
18940
1757
26759
28441
12208
33121
3922
534
5663
27876
3870
12493
37272
29174
32950
19501
32403
5685
19663
900
20150
4115
3919
12495
9050
4791
16063
4111
27875
18877
25692
28488
4694
12250
32923
38660
4117
25695
3921
15911
4113
16099
1000
38867
33232
5650
10481
20467
32921
26344
14477
32489
12211
30979
4769
4789
10843
39229
31779
12497
651
24555
6267
0
30911
16740
27636
37024
16746
559
13558
29632
24318
38829
16027
5124
36502
31615
29945
13438
26966
19520
28273
38752
32321
8771
32179
1726
493
15067
524
26594
32267
24712
30737
31976
2977
16754
3489
30670
7980
30054
29033
5367
32598
32503
13507
24862
5593
32330
12948
4355
25998
16751
9594
27038
38456
38707
8675
13984
13083
3502
31381
3192
29773
11042
32307
38787
3198
7110
19456
14698
1614
12108
6949
5208
31804
10969
32041
30507
38460
15078
3260
15457
31558
4580
599
32519
34262
38701
39205
6465
8127
27341
33359
38968
26005
28298
30
30337
33086
6650
29105
34215
11657
11309
38976
13406
24526
10940
28829
6406
38711
6324
6446
15169
30124
35247
11107
29849
36697
11595
15370
33511
29696
30394
8761
12933
33133
19200
37192
7922
13386
1477
13042
32105
26554
19738
31895
33129
13211
32294
27338
9749
29238
1336
976
4320
26713
24350
32546
31484
22149
29716
27956
11499
38450
10945
8105
32146
38818
24548
28285
34964
32191
9218
38958
13249
33097
5450
964
37623
9316
8037
3492
8686
28104
25131
32512
25474
4295
37209
5549
8583
30254
6358
30891
2886
30878
12084
16743
25000
31587
11556
27938
1235
31481
35064
32137
14903
30289
28077
16757
39014
24545
21586
30028
33954
12496
9703
28007
31944
11592
33085
39011
32235
38952
29656
25399
29193
32157
14760
28953
38963
18722
30663
6759
26956
33130
31497
34211
11270
8775
30476
29182
32005
30069
39020
18721
12954
11688
37156
3740
15217
10554
8122
33149
12935
7383
25177
6535
508
10278
27044
4946
26521
15194
32375
207
39151
37187
30973
29389
31524
21331
9834
30961
38961
37242
11372
12982
9428
15395
11671
10433
11574
34251
11142
32074
26244
38788
36531
29847
35805
13185
38743
29954
9115
12725
10594
33850
8200
26145
37654
35132
32044
15302
8928
6489
8846
24918
11455
30079
8890
11450
1560
1248
34864
8416
8859
5382
29016
19329
1257
33516
30130
18590
30675
4429
19769
9011
6472
1555
33518
76
33739
29014
28009
1662
24912
3015
3330
6452
5407
6415
20081
3326
34927
11175
24924
9761
6478
1659
34896
34891
1657
29000
4267
1556
19320
1237
1553
6566
30085
32504
32518
11173
77
5373
36824
5541
5243
5557
643
4740
4652
38334
3962
9336
9591
440
37340
3692
331
4859
5424
4232
38392
33699
647
4270
1350
1689
6236
3522
3160
3314
33227
3224
1294
5007
3861
3243
5433
714
33345
38565
38589
1272
5257
33594
4314
4087
1190
26074
36513
28701
26335
19725
21858
29364
28484
35634
35636
13612
26061
27797
35429
26287
7011
29841
28696
26502
26503
33108
35473
37067
7014
21859
35455
35456
37673
35471
21857
1187
35483
26495
37662
27735
30374
16572
26338
35459
16582
7068
28695
35433
21281
1174
37674
26482
35453
7071
24895
27796
30372
30373
29089
37551
27761
21787
35428
29843
29370
26315
16101
20175
7518
27795
35461
33208
15447
33123
24229
33109
1188
26294
26494
27449
15439
26286
21560
35440
24208
14449
39034
27747
36896
1797
15038
21283
24206
31869
19583
788
19375
29302
29037
801
16058
20184
31766
4329
3059
11009
8049
6639
15343
29299
28260
19374
11051
11046
22267
31561
33957
8967
5034
32501
5185
39001
153
16610
34265
16145
1093
38751
16056
15904
1344
16788
32075
8205
34266
30600
27847
18623
4323
8413
18522
28403
5032
30274
34094
28238
4917
22647
11431
34163
9036
30488
34161
34158
28248
13037
21290
12620
22820
4852
34145
11440
30492
32570
34154
4919
11690
30497
13119
11144
3004
21402
4850
30495
34155
29336
30490
34110
4851
4913
2911
13038
28250
8254
7047
1172
3627
177
10795
8909
249
22327
3591
8944
1083
74
6811
397
34975
10855
3855
590
3726
591
22331
7394
6855
6838
356
21818
35205
3579
21790
21801
284
22325
3557
3932
33382
19411
35567
3711
321
56
33275
33398
35146
8893
35543
20160
34885
265
3798
22299
9624
19400
2835
35598
3736
2834
8273
35179
20115
21824
21719
10804
9310
3640
246
3611
3551
21724
3630
3654
32340
25451
19718
29234
90
28315
26538
26914
31590
31862
4146
32968
4219
26180
24939
29940
4140
12585
38774
24495
26750
25974
27823
29208
24990
4245
26064
12464
31879
20405
30533
4642
19620
4869
25038
24269
19822
26422
20435
25739
24587
27930
26739
4636
26060
28236
25657
20371
31814
4676
4892
29086
12561
29275
26922
12719
28654
33235
4842
12284
12258
19734
452
796
5084
30227
24516
30454
4813
25868
38921
31578
26586
4689
26369
33152
30652
28700
12049
33164
30022
38740
27543
27492
29076
28550
327
31928
30651
29856
31909
30240
4134
27810
28575
12121
22916
4649
21284
12455
12226
12237
29163
30433
26288
13316
38736
28545
21330
31748
33249
12032
27022
19613
26938
5204
25495
32240
25238
4123
4159
27698
4670
27702
25812
12212
4629
26137
1278
28745
27999
26094
28604
25064
24807
25869
4173
12707
12073
24618
26361
29263
32000
25791
5377
10298
4806
61
4812
27289
12480
19728
32985
24361
12040
29256
33170
24793
33082
27133
24773
5067
36510
26152
4872
4622
12186
28
19833
4800
37184
4619
28753
13301
25935
26804
25156
4682
27803
27739
27219
540
30050
30095
25809
25374
29283
12251
12490
12215
31499
28052
32209
14806
32667
21962
3174
4240
33279
14945
32326
6239
32689
12581
6288
25200
14753
5747
5696
22151
32631
12113
33904
32324
7178
7460
5577
13733
32207
25203
14829
32589
14742
14734
13401
32222
14802
32291
31364
32194
31360
26101
28657
26135
24202
12651
28050
31729
26055
4550
385
24503
28530
33081
29371
21322
25742
4164
29171
4810
29030
33169
26285
19661
12187
29206
12548
12684
31935
37182
4664
21326
12030
31877
25810
28751
24936
12562
29689
19214
26413
27556
26920
25062
25321
323
31854
30048
4833
29419
4867
24249
30098
12693
25449
26314
25236
15071
19714
38738
29232
25866
29200
4680
15547
26758
28664
29360
24767
27997
29273
27404
30621
29196
19730
28234
26799
450
4825
5656
4798
25418
33211
32983
4815
12255
27105
27127
24196
25779
87
20369
27243
25931
27928
24493
5371
29620
24359
12015
25870
12221
28536
5057
29254
21397
25416
26240
30352
31627
829
5666
24574
26177
5675
29261
25796
352
27776
25641
27268
25843
4620
4957
12034
12075
26323
5069
12718
27312
33166
25445
12042
12045
4760
11975
27813
27447
23
31926
28186
337
4114
29138
24217
28759
33099
27131
29991
19831
28638
4627
27734
12384
12691
5629
25489
29240
4150
29095
27455
12182
30224
4840
4144
29161
12263
19717
32337
27237
4216
29352
26427
5317
4753
26264
24897
26063
12556
21347
28811
5639
27494
5052
29858
4103
30655
25369
12230
4687
26936
4969
29081
32987
4132
30230
31888
24988
26484
28432
28421
25317
19841
31575
26088
27541
25849
12233
29154
12540
24462
33248
31592
31432
28573
30965
4243
12269
25750
59
24749
31500
19724
4634
25232
27874
28595
12217
5670
21309
27216
4647
12209
28494
29166
27760
12485
532
29147
24509
12582
29342
25036
38851
28794
3706
30113
473
26535
13533
33013
27888
18861
27335
7891
6308
215
25561
28827
35267
26451
6943
36585
19585
1741
10750
10371
18995
7902
6907
24164
6299
10365
32260
32422
3167
6301
18863
14486
6286
24179
28410
3430
37294
30853
14485
7894
6316
28797
15458
37543
10826
24571
24705
28511
13699
16549
32565
10429
10472
1013
7294
29675
22384
7376
7293
547
10445
9326
6657
7326
16671
7098
36762
12588
36998
37211
711
1076
717
36753
8687
4254
6433
4721
8714
36430
38538
6273
9704
9236
24957
36471
19754
9371
30184
19975
8716
36734
6369
27848
4755
37207
36830
27061
4982
8742
38685
4555
36749
6231
6656
30303
7528
4542
20029
8542
8106
24986
6258
26464
24223
25847
848
32390
27745
7431
24213
24214
879
32473
32128
32433
26227
32125
28683
28718
32386
5668
26486
24782
26230
32474
26491
5657
28673
29834
24902
27744
28707
32437
5688
28723
29833
5655
5667
24220
26426
24224
32127
24894
32436
28721
28712
24726
26761
26470
24219
22673
4139
27799
32389
5691
28674
26265
32385
28720
32432
5646
18713
29836
28708
28711
30440
25401
1189
30993
19660
4661
15466
33411
34068
24885
3077
19732
3688
33219
33215
1751
34408
34384
24799
34058
382
33383
4594
31599
19702
34004
13642
33192
19721
7488
825
26271
1181
14982
19624
11547
31934
19735
32115
34046
335
15556
901
24727
33195
3396
31807
35508
29801
31486
32359
5619
24613
19626
31857
6359
19609
35269
31586
33465
13513
24504
25386
21311
33209
3135
30218
30005
32943
1160
3658
33229
5635
13091
3938
31630
26431
33426
31388
19658
6330
5047
24889
11541
28423
32097
26219
34398
1779
19715
29092
7000
14505
9264
9063
11699
9544
28139
9688
9080
9161
9164
9593
21549
9642
9010
9610
9169
9178
9015
9683
9217
11730
9502
9037
9536
9291
8519
9467
11716
9784
7315
9602
9279
9208
11611
9567
11724
9576
6841
9542
9639
35043
9493
9040
14840
9563
9162
9523
35049
9069
35047
9623
9060
11740
9478
11626
8522
9167
11653
20092
21526
9772
9076
11607
11755
22068
8855
8421
1231
15187
25056
24390
13302
1293
22226
30083
22070
22061
24501
22071
22062
24391
22072
22065
37449
22066
15308
26816
1232
8885
15182
22073
25058
15176
8907
30128
22227
26904
15306
22060
26905
24458
13297
13304
13295
22064
27348
10598
510
29599
32323
26556
38453
37385
29949
21221
28526
27890
25476
36873
9596
99
30672
11558
38689
32100
30479
14811
11526
32430
15171
946
33132
26014
30366
958
12110
26523
13997
30661
28010
26955
37259
34200
24694
24561
29646
32513
32557
26647
8930
1326
2810
3742
10280
30030
31988
5604
26944
3438
29669
33363
7385
32166
24538
28792
12498
15996
3510
10501
6362
30071
36996
30057
1050
13512
3348
26971
38719
10304
32505
27042
32140
3494
26148
13536
10340
6779
13341
27916
28287
30645
13218
32901
24828
36489
526
21587
25001
2
15085
32367
31977
27733
10327
28080
28110
596
6803
32636
27046
29392
37244
29701
31800
6951
6408
29422
32147
8925
19208
12499
29699
1052
25185
9763
30893
10971
29237
5362
30913
32237
6491
21333
1236
25897
38843
16
10238
32644
951
24643
30884
24717
5081
30958
4735
8611
4298
14487
25772
30101
6467
35
1430
30396
1212
3268
32426
24868
28417
602
32265
25515
26008
28342
30003
36533
14935
19522
2854
38467
2979
1339
33139
25472
25285
4011
991
38706
4201
3360
33137
14911
13190
3351
6825
32155
13559
26965
35265
2871
12628
26786
3265
29186
25133
32313
10556
32264
30659
35071
27958
36767
11052
30725
1618
28300
4712
25327
8718
4202
679
29959
28887
32205
1479
28851
7329
33373
24556
13442
7112
32046
32043
36881
3204
16388
34254
27667
597
32332
38935
30293
24552
30580
6269
4976
32007
25795
10514
32273
38953
5210
30382
930
25142
27202
978
35807
37656
29658
33517
6541
36726
2888
27090
35135
32931
29984
32076
25617
15137
14700
5175
962
25946
13292
11674
29308
28198
5559
21582
33532
38490
33810
32443
3259
20
7056
16442
3401
37679
20423
24559
8617
1347
38907
3914
18932
26963
25043
28904
7941
21813
34219
29889
3663
38511
30067
26304
26166
29438
8484
26301
28478
7406
24457
3666
5613
36455
24475
36640
22
33262
30180
30521
29586
9278
8222
26379
1780
27234
33867
38917
24922
22119
11511
700
4748
7053
20146
29986
28594
27672
1573
16719
34849
4794
768
28892
32456
6856
416
28901
3240
25024
6471
26330
22099
28448
29608
28076
34097
7037
34168
29795
7398
29958
13372
8178
33397
1725
635
30881
893
27161
31810
7396
27123
7141
7453
14675
3874
15518
35369
585
32058
28866
27130
24871
10766
30748
26378
30161
897
22085
3547
14673
27460
7057
25098
37319
33185
3195
19430
3675
6737
28075
846
24947
28350
19345
30798
27432
28883
30258
2837
14638
35533
15425
8627
30116
27155
19618
26298
4284
35550
2814
7395
24511
16735
33198
27555
18548
26619
7449
30615
10761
15573
24944
30868
30634
37698
34045
19318
7109
30755
24737
25224
632
15974
690
27399
26625
35344
33335
837
37488
15326
30687
22795
13618
4120
16563
27429
4443
28591
4795
33401
32447
33690
13691
8576
30137
25228
5677
31746
3121
35537
24174
11369
24935
6445
26906
25595
26933
30719
30598
32027
7451
5072
4122
31491
26080
457
28318
28756
27892
27290
24906
30698
31929
27187
25323
31464
24884
26106
1687
13574
27934
27884
26941
22128
1009
33007
20061
26182
31817
24366
10545
26926
28977
26840
26156
24468
22006
24823
27914
25890
39031
25457
24499
25978
25235
3990
31469
26807
939
33264
27192
26263
30642
28824
24582
25067
28225
27223
25762
27027
460
13983
28809
38768
27568
28002
25376
27707
21913
24274
28553
25833
26590
27683
25938
27086
26518
26597
21850
24993
24612
27549
25398
27183
27321
16798
32566
3869
1623
30251
25123
22929
10454
6850
15345
12506
4486
5195
30950
6596
15434
4032
30856
35370
13378
31436
8596
26012
3098
29313
29380
381
6861
14670
32347
4742
5774
14948
14593
25089
3814
19444
3574
38341
3064
940
30799
226
26717
30181
7464
9284
16845
37496
5684
3887
16108
29435
31937
10460
13402
10480
4778
30192
27971
35207
19436
10231
32182
1636
30125
30284
30244
31367
25518
38849
3122
9047
25589
10444
15910
32625
30278
8489
18653
13580
31392
28473
35347
32981
35348
10824
28034
28282
29178
29173
4768
3441
30299
28117
3128
31377
28358
3859
30809
25074
18715
26281
27756
12945
20193
10430
11715
32672
11545
32210
30826
31475
32315
2844
27570
21692
5585
28305
3803
32979
32558
5134
32277
3918
1766
3778
3196
5252
19986
8108
6721
10808
8398
35813
25099
25168
13404
25264
4774
28003
1039
33986
32895
30738
35534
14476
25694
30760
8138
12594
28226
5581
14831
15542
164
16062
12980
6724
10827
5235
37231
26710
4444
7270
37060
9743
38694
19744
25569
4457
31950
5533
38424
3558
10590
28440
4080
29333
31574
10812
25550
7500
22715
30142
9745
10787
14837
32554
38892
30309
271
19381
8133
35350
6994
5436
34327
613
26343
35333
1642
3647
3540
12139
11460
12291
37712
25953
31358
5561
5651
8392
5484
30766
9552
25274
34274
32484
27089
10988
30353
3850
3131
19500
10436
35346
4776
9137
32581
26756
10421
5662
33144
30906
32487
38535
5761
5698
28068
7976
38663
19642
9356
29429
25113
25511
5649
38696
30782
19662
32120
35616
28533
18952
3942
33496
3896
1819
3904
363
13437
30441
793
8875
7040
29177
38554
37685
13629
369
3898
27483
20161
30439
881
3686
38645
408
19312
9402
325
19498
18954
25748
35750
861
38629
19497
32117
19846
20162
38638
28538
20291
38608
25747
37683
10852
14472
32369
20298
12453
21329
33475
38650
38641
31859
3906
12203
27502
37689
30443
1822
38644
38630
12454
31591
12204
21906
31754
38649
33478
7485
32121
32908
35722
3905
411
37676
368
12201
38633
9400
409
37684
29852
12205
38632
38639
22392
4617
37681
37686
22191
38647
4614
38628
7492
15436
362
860
324
32941
38646
370
3945
18956
32910
7041
33493
407
32370
32116
38552
858
10856
7307
28544
7495
20299
21324
886
19499
21325
33497
9403
38553
33222
12199
38575
7496
33482
35753
12451
31596
19311
35752
37690
38643
32945
4618
3937
8754
3659
32118
3907
31585
30967
795
27484
21323
867
21328
37688
3894
38637
37112
4645
38497
12191
13620
35420
21313
15427
38596
21868
33471
12035
12036
35445
20296
12039
29215
27470
420
37668
27467
38669
33455
7005
1804
12261
27261
27260
28602
7001
29218
12265
32110
24776
22651
25368
12253
12037
27273
34065
30239
4143
21882
27782
11986
24756
32466
1787
26370
37663
4809
29413
36674
21881
29806
33456
27436
28579
32373
349
26066
12194
4648
37117
27783
29859
421
35419
1783
26398
29213
21310
14687
29172
12256
26395
888
28570
14461
29170
12252
34061
27777
4832
26921
13573
29093
15432
27563
3403
27772
29347
30398
33459
21315
1786
18926
25663
7428
29348
24753
9261
1799
27412
24775
37591
3406
21873
32104
4145
24768
32098
4654
36660
21886
37118
35444
27413
29082
4826
19390
27532
36673
24748
853
25370
11987
38499
27257
12254
27775
25366
15959
26373
24758
25733
33447
32465
27527
27278
19733
27275
39032
27781
25642
35529
29167
19012
12190
24762
32459
33468
7008
35443
4657
24232
19009
28574
11984
24751
20294
37665
29343
7004
1801
24752
38594
19518
24211
38666
21866
7422
12225
4803
4678
21887
38667
22785
24761
18935
4834
11988
24765
32374
26123
26987
3973
25857
16862
27315
3150
39030
25803
26136
20166
28802
27218
26151
10860
21898
26126
24576
25318
3139
25447
31621
27287
1837
15987
31924
21897
26580
22386
432
28807
28974
31463
16118
906
3952
31628
3976
10457
21901
21855
21847
31927
26557
25805
24578
38767
25229
31406
3979
10492
915
25861
31459
27313
19041
25322
4922
3912
18546
1346
3194
35365
24625
1238
28890
1404
35496
13560
18
29794
28239
32057
26169
30065
27970
3269
1280
32453
35363
24945
4106
16503
2972
3872
10764
30257
24921
3408
26376
28437
15473
38742
32986
13015
12420
3337
33258
19615
18923
34871
8618
35367
11110
32439
1572
30517
22220
9271
28988
4772
13318
27430
413
3573
21851
11508
7108
633
35485
5419
3661
16429
31972
14587
7940
3222
9654
35366
4108
32507
8215
32444
27153
11419
29553
22684
33862
28073
19328
18570
26961
6453
25068
24500
29887
15032
30080
81
1809
28025
33667
3676
36621
7391
620
26842
4272
583
24734
27553
4423
30793
344
13717
20218
19317
30614
26302
835
31731
35364
189
21809
28033
15423
29962
28899
3005
1519
34389
5674
37353
8779
36494
32047
27394
33389
30691
29993
27159
29985
33317
12565
33531
30548
19334
38822
1217
29717
1357
27427
4743
34848
28592
1329
1245
6846
28863
3256
26380
34132
26299
29957
22912
24478
34221
16615
932
24961
34118
15568
5658
3544
35536
6961
6857
4770
13364
1250
22098
33183
29969
26321
6736
3399
13616
1777
1724
32517
33399
38802
30159
38507
26296
24984
8615
18581
8483
28902
7016
14568
5416
7019
31610
3460
3236
8220
1299
11222
19
30633
26346
6437
35368
4426
3316
19763
7404
28037
30508
27121
19591
29202
26328
34156
34149
34166
21371
22653
28067
12621
12624
12613
34164
21372
30555
28242
12614
34144
12606
12587
12586
12616
21257
28063
21258
11215
30557
11208
30563
12608
21254
12622
28054
34160
28237
22793
13001
21251
13002
34148
29285
28066
29284
21247
21249
28241
28246
12617
12618
12610
34152
3007
12612
3006
11209
11476
11478
28071
11205
12601
12611
6517
10486
1402
19538
26839
729
38882
28755
7291
25815
8976
1297
3414
25330
39177
27301
7073
1323
38678
39233
5325
1203
5379
25453
8842
459
35045
649
29935
1717
26783
28552
25760
29611
28317
8313
38924
541
28251
19737
31816
1369
30885
38741
1566
9500
25397
38611
19031
28224
31871
27635
1392
1419
28490
676
646
29915
1270
3156
1062
30025
37694
3432
3068
19792
7921
7524
39049
1279
26079
3364
7879
3345
19834
26178
1850
27506
34910
3323
18915
18968
1146
28823
1005
24905
39159
925
8072
32927
29786
19992
35029
10320
25591
27477
26916
31000
38561
32001
5045
24273
7312
7458
4249
27706
27933
1389
26243
25584
18875
25937
27320
27024
27545
31750
7961
6581
24992
37185
6896
27567
37561
36647
7085
19370
25977
26517
24822
3695
38587
10299
8558
8965
15342
18944
5031
29672
1089
22262
5186
22921
31868
18620
25010
34263
32498
30107
28402
11719
18520
22239
5183
13439
5309
19373
5427
150
27846
4412
34923
8046
6521
8201
1340
33265
36592
8904
32071
11005
31987
1581
9064
29034
14838
28256
29305
11049
21521
19776
5297
8998
33956
30599
787
3055
8543
6981
12104
712
4984
20362
27849
37142
24959
35794
35763
37146
1064
19828
37382
20285
9318
37069
9753
30769
24960
19976
30802
21950
30304
673
36763
20438
8080
9130
35765
980
16672
4544
8688
19984
30185
20463
1298
7331
9327
20119
8112
5700
10500
30660
20421
11669
11682
32638
37562
37235
27085
25714
33093
32584
11050
25645
24999
35226
6862
7256
25507
15398
32972
7490
30252
6353
7218
5757
30904
34371
26700
32152
37539
3264
25674
33281
13737
32298
11472
6729
30267
32907
20476
30773
27473
5745
14652
13326
1621
14804
11008
30859
6780
11625
7359
22379
33914
25288
36752
11756
7438
32615
26679
25996
11047
6967
25990
11348
3267
32195
6718
20198
11700
35579
3459
13223
25251
21531
38537
11448
30195
11697
21691
5731
37659
26168
14958
37461
30765
32668
11236
26661
7943
25729
601
27444
11722
13434
30779
32690
33314
30832
14713
25172
12418
32627
25728
26777
25988
2825
14469
9313
25461
4195
30047
11667
5760
34932
10451
10956
35312
26689
30364
32357
11141
8604
7035
6257
12726
3451
25277
30044
25621
25127
11392
25612
7426
12536
32319
35108
11714
11379
7354
32533
32246
33425
26688
35812
33357
25286
1413
33327
25672
25506
7475
11754
30046
6655
20046
9312
32151
27703
4672
1674
33356
3332
22263
6717
32238
27443
21522
5759
11044
7915
3455
30359
3743
30897
32245
35540
7526
27036
11696
30764
3382
5744
25790
38853
3634
3071
574
25159
5538
26699
32139
6778
5718
30268
4185
11272
25126
30858
7944
11390
6820
30855
30768
25164
32185
25610
6256
2823
24996
3034
25987
25460
26167
24637
7436
18878
32956
4301
10499
33312
5730
30777
30266
38864
465
4730
6312
7150
1675
22240
4551
33921
4191
11235
11720
11459
33415
3454
11095
30658
25620
7246
11425
7217
9382
6727
33203
3991
1695
16891
29708
35287
6587
4019
2884
517
7979
15142
15889
13605
11534
6390
30157
13250
21567
30283
15886
30864
28161
13313
13121
10350
11158
36837
694
36894
4406
5002
1128
1538
37039
1026
8480
10382
1019
22337
4995
13054
25035
11022
22037
1683
16894
22689
1071
22046
1158
28046
11198
1640
12407
13278
30795
34820
11154
15327
678
11265
6447
37248
12143
33432
4942
15530
37351
16728
7938
18494
33880
16617
1037
668
2811
155
33834
28922
7381
12054
4873
11308
35109
14586
943
11220
9764
838
9661
24915
30132
4420
3111
34086
27678
33525
13323
1763
33179
26170
35129
30177
30477
18946
34400
13567
37489
12942
28460
20085
14567
34189
7022
14
9669
13716
36453
26648
11432
8773
37695
16390
30680
11469
25095
26031
16038
20051
15060
35640
3189
33797
423
5390
33888
37093
18573
19762
30412
942
20079
13464
26610
33811
30119
4204
22799
19360
18916
10762
12314
35797
10316
8829
18869
30820
9504
7925
8749
12059
12003
34345
10767
18524
12129
25135
33555
10408
19539
22366
12335
9435
19256
19427
33846
33552
19537
10414
33295
12326
34220
10426
9089
12317
18865
9795
10760
10769
35768
34236
30814
22865
9445
6597
34962
5459
34972
11586
32537
32542
5461
11603
9018
34957
5473
32567
30762
25075
5456
8986
4431
30761
5444
32559
4447
25028
6598
19398
3556
19435
9448
5471
34973
4427
29080
5445
8957
6593
19399
5447
25090
3567
3553
8973
32535
39160
32050
34353
9233
36458
19558
36590
12951
36523
29947
29950
21971
29967
38837
12964
24537
35278
38726
36456
36527
32045
38798
35655
30026
29952
19557
38820
686
33353
39196
6955
26948
32252
24622
38708
10261
32052
34409
3983
5638
28959
14539
38920
13095
26147
27822
3152
25804
24579
28806
13666
28968
14536
29895
29902
25479
12990
5636
3956
449
16763
30017
3142
26558
30627
909
33238
27286
29376
14992
15126
13673
28962
15481
30020
26154
38771
28970
28808
913
13685
28960
39224
15504
3957
13670
14498
30449
25802
14510
13643
922
435
30451
29898
25797
35407
13446
13066
3980
29373
3151
25231
14500
912
7072
30995
15133
3975
33124
27816
7508
7511
30453
3140
3974
29585
455
3971
29622
15498
13677
29124
29901
15505
29938
1912
35336
8745
3555
9732
3642
1179
21728
3595
292
6583
33285
3552
248
220
9426
49
8733
3651
8430
21609
21789
6995
22271
6851
3709
305
3582
231
1097
21820
7392
3619
6817
8753
3637
3807
35341
3800
21797
8515
200
8914
117
3628
10797
140
3612
171
3578
35596
3696
35600
22330
3608
3782
20053
3930
3771
8192
3775
33381
6839
262
10793
266
10806
21814
351
35168
33395
395
35335
9396
19409
2831
184
8246
33268
21753
21776
21756
21673
21707
21700
21772
21657
21763
21652
21775
21742
21743
21665
21648
21746
21644
21759
21660
21666
21650
21768
21714
21757
21747
21718
21754
21682
21750
21664
21766
21687
21679
21671
21713
21663
21670
21708
21649
21688
21672
21643
21659
21668
21755
12512
29594
35355
21827
35360
24743
27395
35353
27415
8894
32893
13329
4538
415
35492
27263
11535
12979
27266
32418
32480
13017
32674
25279
19797
30402
29678
35329
31562
28112
35358
702
15164
29863
36682
21802
32448
19713
26305
33145
35354
8870
33283
30581
7966
14906
27550
6847
22895
19590
24663
31792
35487
11324
32016
21979
19470
33402
30418
5740
38789
32009
29702
31604
38493
31506
31848
32476
27424
8546
24745
24562
35359
12938
31826
5168
24662
30403
27536
31607
31547
35138
28587
21834
38345
35356
27178
34273
7282
30549
32450
5769
31885
13177
19608
32063
26310
38502
14458
30912
32036
30608
30416
9701
14001
30870
24888
18866
15465
37041
22094
21923
27405
15244
11497
27489
25300
8556
18739
28465
5322
3670
33663
29262
1565
18638
27542
26433
29621
29292
16896
38397
13028
34078
1847
25860
14546
30139
29623
15191
26386
14781
38739
26836
7289
29255
39029
26585
27705
38950
29155
37183
26234
14575
22314
12479
26179
18903
7070
8975
14607
34909
38398
14780
28742
38609
31747
28647
38881
33868
33967
33879
27283
11306
29583
21471
386
38360
18558
14981
30622
18663
29838
15291
13695
34382
14959
15192
12992
13315
38951
25450
25973
15551
22162
1277
10459
15514
22177
22254
15992
13219
10751
31999
29353
24811
11482
25867
29690
29233
22139
22032
24617
15548
26275
22660
20170
27137
24463
11307
31790
29581
18868
28422
22123
38437
27020
18914
3903
27162
25656
11259
28752
28537
15574
8071
8173
36869
24494
15252
33753
27522
3394
31864
18617
26241
19832
33693
15207
26430
28596
3107
31834
22180
22168
25811
15294
7871
29148
35683
27280
13317
7876
34415
28549
31468
24250
28820
2990
29106
13373
18544
18870
8312
21519
21922
16055
22003
19036
15581
13103
27222
18934
27018
10319
6577
14873
25208
18736
19369
539
26515
9531
24757
34142
28223
11243
26360
33348
21920
26076
12989
33970
18967
6513
37453
18937
9499
14503
18950
29162
22256
27814
13999
18514
1143
27474
15208
35020
35677
24467
4970
25582
27929
38402
39048
31878
27448
29845
19030
10297
18628
26578
13055
7960
25758
18907
27631
27998
10485
29241
21921
15511
9513
8800
12434
8789
33684
12432
8798
8787
1227
8801
12425
12442
630
20077
8785
12433
33681
8809
8813
12440
15336
33679
12427
15330
12421
8783
33680
631
33686
8807
12431
1225
12438
33672
8814
33682
1224
8816
8822
8819
33674
33677
19778
12444
8791
12437
12426
33683
33669
8811
12428
12435
33689
4109
3873
5676
27160
19804
25227
7058
32441
9025
24975
29211
29605
26329
30877
18696
35547
30231
38916
5659
35498
33259
18582
20424
27428
33113
28438
12547
33197
35548
24735
15475
22918
8979
4107
18631
18571
32133
31602
29437
31809
13647
7055
3086
37318
13308
1810
27431
35552
28072
32446
4771
7052
3409
32914
28447
28590
32445
9655
33400
28477
8175
27554
22913
22222
3662
35486
33394
21854
39228
39036
37678
8621
6443
33866
16561
29207
35554
3400
29604
26322
9272
28593
836
3674
7452
24976
15477
9099
22915
1778
25223
4607
16562
32440
32913
37487
37486
18547
19616
12692
37245
32442
33833
27539
30226
4773
18604
24736
6488
12148
5070
22917
24977
33120
3677
3913
896
4601
30221
15517
892
345
14609
9021
25211
26347
13299
3665
27557
27129
38508
34021
37485
21853
29996
26303
29808
3120
16718
36638
27459
25041
4121
13692
5061
19428
15516
12690
32993
7450
26324
414
8572
29569
12017
15950
16580
31421
10838
19347
30431
10477
26091
25735
12022
30430
4639
30428
16663
10424
12023
16598
16835
25703
15945
19971
16875
15873
29937
35584
29918
26090
29572
16805
19513
31905
12021
27495
29921
35576
19348
20440
10784
15946
31914
16115
12381
27504
32221
32216
27643
25167
25163
25994
25492
16713
35582
10342
25175
27651
31910
15896
25705
33361
16576
31373
30376
15879
25488
15963
30700
10387
25499
32346
32339
4734
31434
11968
31904
10839
29944
27498
30656
10738
15936
32266
32492
16806
27100
16599
16084
19515
4733
10393
29638
27606
4051
32664
35227
31448
27497
19358
25497
20442
4643
30432
27686
15918
16650
16009
15944
13739
32232
15444
21784
28846
26293
22121
35701
36479
35317
28697
29848
3075
35484
22145
35457
19668
27763
26496
7389
19825
19657
26642
28137
13593
26336
27656
5339
27586
9365
8702
27736
25615
8279
3741
13607
16522
30610
21948
35462
14474
27717
26646
28705
14968
1192
35431
15554
3600
6468
7012
16427
28386
26440
28670
30471
14913
15570
21557
27660
21564
20436
22104
35454
27895
24230
1744
22238
22302
1517
13385
6568
37029
22126
26475
26504
24209
572
22304
21791
27714
30759
21591
14901
37584
36461
35479
7504
30591
20202
19632
16601
6492
24207
22252
24691
26599
27719
21510
28360
13148
35436
24714
16631
15578
16105
35401
38466
26339
27451
36731
22328
22269
1049
38464
21954
21804
1118
14442
11290
8344
16584
27871
28833
35441
1051
29421
22232
30844
8077
28388
21574
22084
15019
27798
10593
1745
26342
6853
38604
7015
22020
14849
14526
37655
11293
15196
14931
35474
1793
15173
26075
33182
24227
14845
15440
26499
16117
10434
12619
3631
3177
10517
21508
26404
26969
10560
10262
1255
24824
10519
21701
3447
26410
24551
3445
3838
3176
10817
11271
3449
10466
25253
467
27166
28554
33419
10541
33277
10245
10530
120
21690
3011
26390
236
11233
2861
196
26600
26407
2898
34340
7930
26416
482
33173
2828
5
10497
8817
8521
8802
8445
29324
9014
18701
29312
8294
9607
8805
8788
29320
8470
8297
9608
29058
8955
29146
5483
8518
9281
8815
8474
29319
9604
9247
29068
9112
8806
8161
5478
29728
8449
29072
5481
8309
8300
8166
29056
29070
8950
14615
37552
28764
7082
24591
14534
9394
28772
36628
1162
36630
38585
16876
919
14984
15492
24592
27307
1163
37315
26546
37556
38564
447
3143
25862
6745
13661
1165
14978
15486
26544
38548
38372
448
38674
9578
37308
11551
1197
438
37238
28933
38672
25441
13657
13094
38542
11567
1838
7522
38550
14535
15564
26547
22852
11568
24600
24605
37325
24601
13065
11549
33503
13537
36634
24843
37310
25442
15985
28766
34071
27306
25649
7517
14985
15132
28788
14527
37306
14509
13057
38546
38582
15489
3967
16877
28789
20169
13683
38547
8729
33748
20164
36626
3144
27824
3958
38584
439
6365
437
27304
26550
38583
3970
31384
3892
3911
25357
32549
2820
20007
1379
5693
24706
33252
18991
35256
7432
32475
28732
18714
28619
6749
22050
7855
27088
26492
29837
4160
261
25851
26606
22694
26592
26450
7157
22705
28418
20028
35258
24216
13701
26653
13193
26218
26429
7192
5572
1732
28675
27715
29798
20033
5551
28854
35264
26593
6663
27898
13706
6849
20010
32089
7860
25854
32416
14695
5661
20026
32129
22692
28608
29874
6684
26765
7120
20022
29871
3428
5268
25846
4705
1016
3168
27802
28343
22700
28728
98
6867
30964
30256
7444
28623
29835
24215
35260
7113
576
6881
965
14696
30617
28684
28685
20002
5607
19999
7208
24713
26010
32391
26609
24225
10312
28419
6675
5729
5279
4581
22822
228
22698
32387
849
5689
21915
2819
818
26463
10254
7154
5212
20013
13192
26472
5211
33256
28344
30081
6474
8419
11587
28018
11281
8850
1240
34879
1241
6479
28014
6458
34898
18596
1288
24929
34903
8887
18593
20082
1239
20173
34912
36907
18597
4274
19323
8884
5386
6461
5388
9418
34908
19331
19771
33743
28024
9419
33742
4276
24933
24931
28017
8420
19322
4151
29181
24731
26070
38521
29828
12222
4799
12071
27250
24732
12043
38515
32396
30409
12068
999
29818
30013
12542
38901
12072
38914
33000
32398
12069
12048
24779
36664
32378
1830
19017
1002
21863
38513
27245
12070
27242
27768
7028
32395
38902
30007
19462
3102
27240
37270
37114
1761
12218
30010
36516
12545
38520
32379
27786
4125
21862
12044
36509
24722
32394
24723
12543
12047
37267
24784
38517
29827
32397
533
21239
29822
37110
27244
29879
36667
27765
3109
36519
26065
36666
37113
27238
3279
16517
650
30926
34928
29651
9210
16460
34930
10745
6520
9409
9221
10346
25504
7174
8144
30323
16578
8760
18586
30051
12931
35157
22194
16787
32243
29590
38833
25295
34280
1345
25244
12052
16461
38
8044
29295
30104
32514
25243
16606
30657
6762
16543
34300
16546
21735
34919
36845
28103
21737
21722
33738
9635
28269
19449
29101
9446
22166
22136
12471
6633
22187
11615
9449
21734
33543
18669
11659
34859
21726
21727
21738
6631
3786
11672
13289
13324
15365
22296
15283
9808
33819
24583
32683
19309
25893
35695
29168
31933
6325
24606
25898
26553
29369
31400
25308
29374
35290
25404
31613
5320
28930
29184
31415
26541
25879
31525
31593
34385
26978
31856
31588
32094
26989
31382
5643
33349
31866
27201
1261
21520
39043
7309
7244
22178
27239
1060
3084
33836
33498
11498
20207
22315
907
7374
9672
37597
16484
27845
25583
22033
7480
30902
24815
3153
3856
33409
12414
30986
33571
16041
6683
11572
24595
21500
1320
21491
27621
34066
22169
33434
35637
34396
25303
7223
34079
35718
36870
28125
7875
16132
6892
7914
923
33491
38675
35723
24821
7340
34030
34029
38505
21472
21615
34109
1771
6580
3422
22147
6940
34003
1356
33423
33621
25600
34143
26127
3471
35754
33392
26837
7872
24604
22257
7912
34406
33483
3251
11680
33342
1377
3411
6516
22095
33858
30448
916
34116
7974
7950
11555
21515
11031
2971
7083
3981
29900
914
3420
38487
6311
7521
22124
35678
33643
28957
29920
33696
9656
34013
32144
16018
20301
38677
22004
6755
7078
1843
1849
37263
11018
9599
33351
24817
21924
6730
11244
30388
33968
8557
1567
35684
33575
7486
3953
37491
3310
6917
21788
2991
3002
33586
3849
37691
29904
33223
37304
10228
7877
26226
20104
28793
927
32417
15455
6309
13440
30272
25873
37542
6277
7333
30674
6924
3416
7895
6686
1011
13441
27198
24178
28408
3703
24180
22364
10746
16468
471
211
1031
36581
3162
7095
542
22380
10353
7910
27330
37296
1736
30074
35284
28795
24703
18862
26525
28138
4196
13428
35321
7482
7276
38475
8897
7491
31595
35614
24995
565
19836
22390
30438
9728
2821
35322
37189
38615
35319
33094
13449
7295
14928
7934
781
36724
30703
3828
8041
7161
30458
8040
8912
32
28492
38451
9731
6997
33083
8765
3346
8874
3350
32114
8189
36727
35318
30923
4193
10776
27925
25740
10778
32976
652
21220
3479
1500
6840
9707
4530
31584
6827
32952
13627
6518
6648
9398
6901
3569
19495
29644
7183
28389
8945
30102
30369
9219
4546
1794
35734
7176
21512
9319
3902
28496
12983
34324
22260
25985
1818
29653
30628
30696
9328
36718
38528
19845
27501
38570
35706
7471
32526
13244
32958
25630
6864
15299
10771
31961
6833
35619
13578
3359
866
14937
7302
398
37188
30952
953
8901
32925
12050
7030
21605
31981
8762
32141
25586
30117
15435
28916
4612
31752
32368
28834
360
143
7494
22189
14656
38817
30367
3262
4737
9717
32138
3655
14927
37408
37421
33706
37397
37435
37420
37422
37443
37442
37436
37402
37401
37405
37395
37430
37392
37394
37445
30585
37418
37434
37438
37400
30578
37399
28131
37406
37403
37444
13418
30583
37425
28130
37409
37411
8241
37437
37441
37391
34141
28123
24593
34114
35406
22391
22138
1375
20258
21559
9597
1169
22253
7477
7378
7913
33479
22218
3299
7455
33462
1276
26385
11481
3418
1312
1142
21786
33640
30391
24602
34404
6887
33832
1796
12150
34107
35714
35635
38485
11242
22255
34025
33420
6910
12198
11016
26221
8840
27614
1836
7505
7288
25581
24819
35676
707
34011
998
33692
33489
38593
3669
21498
27829
874
6969
12410
33660
33619
11496
22122
39044
35687
38498
22190
25587
2989
33505
33407
34054
10333
33190
38676
6681
29840
33390
3149
22031
33602
20209
1259
20288
2921
34042
1848
21470
33999
21916
29782
26224
2999
33474
1752
29917
16098
33347
7303
34047
21518
33573
3083
33438
38631
920
38509
12149
33889
35720
32527
21610
26468
24810
7081
33337
33495
3106
22313
11566
33453
11678
7959
33257
12419
33583
6575
30638
873
1055
26207
26835
22002
22221
33430
8070
21616
1177
33639
3421
34190
12202
21843
22088
26120
6338
26465
3393
35077
14795
8389
30745
39147
37567
13130
121
19535
12677
12001
550
39023
19229
19451
34373
12576
3
5125
30523
32029
18677
12960
34824
33306
22034
6936
21533
31995
11145
5343
30086
22623
30499
18560
14789
8059
10957
15000
19974
30618
14879
4848
12377
4405
4556
6315
3386
22782
7529
33329
22332
4253
30156
6869
4367
38729
19988
27728
8053
12343
34312
39179
10937
11618
30811
9086
24337
28230
12180
22870
4055
32408
33012
29242
27959
10549
33896
9503
38794
38539
19740
4571
10270
22824
29544
19319
20360
10618
6368
10559
22889
1416
9791
20444
36483
21419
12915
28154
3993
6497
37358
6449
36545
5111
13410
21388
37286
19236
20210
15228
10599
14764
34169
29046
1743
32090
13398
13738
26185
19786
15241
6259
33545
10573
10418
7341
30943
30673
6642
8591
12673
6957
39216
20473
34099
501
32648
18486
30720
32022
39190
21544
10427
1511
7167
22710
6897
6401
38926
32276
22701
22360
19181
34338
22676
2875
12329
30147
21967
5042
12397
22045
6987
12175
30688
468
8691
4333
20409
30235
20281
6876
8078
22786
69
28120
29125
10239
9296
4022
12656
14797
13012
33008
21415
1028
35274
8
1265
14895
11685
19422
4317
7917
10351
36842
16466
38823
15141
8370
29394
3018
4206
25030
8827
480
20460
8231
26789
14714
29659
29770
33292
36470
2894
6677
18993
32167
20195
27379
34091
9101
14965
3370
21353
6942
12467
9213
21383
22214
5544
8919
12307
21334
7087
38973
7160
22840
8021
12213
6298
34232
28404
37579
11485
11515
29276
13220
28556
28183
3745
7284
5039
29640
12352
37289
14739
35035
10366
32562
38928
684
19316
9002
19985
25501
9199
25517
21782
9612
6556
4863
25044
8993
21554
6594
13403
8823
27373
24335
25329
660
19817
33376
38971
8595
1216
6436
11323
25293
1403
27945
4745
24948
36441
15277
26611
32171
1622
9148
28345
8132
25291
6829
8235
21505
6738
19743
28042
32314
27232
39153
3182
8699
9462
111
27947
7393
9431
30464
15375
13602
14623
8403
34272
17
701
9117
9481
22097
31532
19380
31899
18996
8191
27850
31955
9071
4979
24560
18568
22129
25002
5612
15231
11580
9545
18989
33147
14748
19429
8704
36843
20070
22143
8654
9027
24833
27669
21222
13141
14451
27943
3601
21378
12379
25838
26841
13178
8491
15418
26972
1885
33528
19294
19267
733
38824
24951
13486
8869
28301
13059
9424
24870
25834
36434
9299
634
5193
1045
5166
9339
33547
9107
11691
24190
19526
27186
11161
36573
3211
36436
3290
4987
27831
9533
27969
9700
4723
18724
743
15163
14592
21537
9430
6582
12295
1862
35378
31757
25593
749
18493
8545
13617
9695
8701
33282
22057
13076
21511
15541
19476
1528
29546
10987
4094
19507
14875
36432
13614
36493
26693
25980
19284
19532
31493
5609
32550
3201
34246
26033
3052
26262
6665
751
14800
26454
31949
13594
15519
8232
6553
14674
25161
27964
4747
32970
19191
13709
13122
8102
39024
26260
14683
25984
25025
4348
504
21937
114
935
11585
9629
26614
19796
34242
12092
1464
21588
33141
25197
31568
32954
31776
619
4031
4541
8371
24520
19352
14455
28865
4537
1306
38969
32553
28411
18564
25841
5326
6588
31791
34083
3548
5560
742
8780
18725
9355
10942
24994
27940
8493
26808
18941
8740
19425
19995
7965
19765
47
19385
24956
33530
31546
34271
36875
10
1530
25263
30480
14830
32275
36857
27680
6845
27852
33524
21926
27924
8920
27569
12944
19275
26960
22188
33549
9184
6428
6557
29741
12662
6431
12661
1156
1157
1677
26039
9185
36946
14880
9192
6366
9528
28044
520
691
9461
22343
1125
11023
6430
38725
10389
11021
36923
25182
4177
22363
8494
14876
4095
4739
1018
13600
30149
14854
6318
8475
12939
13128
30498
4091
4996
1021
25901
19401
5074
11533
36836
6348
12088
7152
15139
28008
28651
16893
22035
18698
981
11156
2882
38560
37119
31514
15488
37644
31833
25389
25387
35736
38441
37661
37520
38403
35628
38401
38443
37255
36651
38574
31409
31922
31422
36514
31416
536
37522
37115
36512
31529
37664
37123
38368
37469
37454
14561
31462
25918
37646
31835
38395
31513
31398
16506
29020
4430
8513
11296
30087
29004
12623
1559
33520
6689
3327
78
8496
8851
8488
6469
36874
24919
29330
33813
1263
19324
1561
9422
1664
28995
3331
1658
33746
6416
1243
20086
15383
20185
1249
36829
24925
9780
4268
5383
18657
19802
32520
24940
30689
1661
6567
9782
4283
30096
34894
1262
30852
12361
475
6918
30112
10360
1676
30234
7361
26528
10364
6290
6304
30603
6927
6281
30275
7884
19196
28512
30601
1015
3429
6941
29300
20106
12358
7889
29789
30709
6313
6282
20094
19584
6911
7351
5352
12368
3020
21969
7893
15011
6903
22036
22625
10959
14977
28121
11532
34234
3041
4024
6317
21420
21536
13133
30690
34101
22047
14855
20475
11149
19564
7177
34830
38783
14897
18531
33898
22000
2904
38933
28156
33298
3748
12962
10277
29280
38541
14745
28185
39150
3994
12332
28798
4573
18708
12578
7286
3388
32423
14944
8692
22788
30263
6959
33331
29053
7377
1684
39182
12521
18536
4062
14799
12675
38848
12007
12058
9434
10551
19231
27889
33009
38716
6947
5044
470
33840
21960
30758
12177
6374
34175
12399
30747
12312
38731
555
20283
19549
21389
18679
30526
1309
13412
26796
13609
3184
12002
7920
27382
6404
32024
13014
3214
7089
13740
6539
30237
6499
11517
6878
14796
4030
21547
29550
30819
3336
30620
12658
6261
4407
34375
14884
37056
37545
29617
28409
38796
8234
6412
6451
11
7145
27730
38945
8514
8603
30676
39027
38975
18492
8061
29642
9189
13254
30158
37581
28049
24342
22688
4855
3076
12466
6992
7103
33014
28233
26202
10569
9091
1746
12678
10354
38781
32281
2919
37569
19188
20216
7096
8228
19183
4372
34845
32092
1418
503
12376
1365
19576
7
34316
29661
123
33309
34239
6670
12346
20212
1030
1514
35276
968
10575
1046
27881
5590
28255
32317
38469
28842
3889
35352
11701
25118
30253
19198
3759
37068
19664
37377
30152
4470
30288
16852
254
26760
25145
34323
26623
32568
27918
6725
20097
3202
4116
26261
36687
30780
6813
33234
33982
39041
4463
38600
28914
25697
4699
4455
19213
16725
35535
3852
25969
30741
15553
30791
27398
32576
26345
4445
507
3806
32583
26017
32998
25125
27423
941
28087
32197
5680
28153
38662
3715
16081
33202
28489
11192
29932
28880
5758
2850
32650
27092
667
16100
11747
5253
37578
28475
18931
38657
4792
3817
5238
26698
3781
14677
19727
29175
25289
25180
25250
32560
26283
25347
4790
4534
32544
4746
5737
25709
25273
14478
20176
18939
27701
3923
27972
38536
3542
36889
11170
13478
28229
738
19571
31951
31391
10442
25543
27791
30302
4118
26545
3562
32538
10456
15348
32982
30955
11546
31957
4611
35371
32633
3443
32613
25042
30951
38695
13182
32618
30059
35570
169
25753
30767
2840
1643
30834
25170
3917
10438
35814
3527
25304
7044
25576
27920
10398
32653
14629
10814
19461
14679
28070
37234
5768
33931
26020
9653
10446
30890
38598
1001
28442
274
28005
32920
27390
32184
8137
16065
10944
6854
29868
26073
4489
26320
10964
32980
16809
3093
16080
32641
25557
30165
31369
30763
32597
15393
31477
8700
32647
3100
28119
25701
28457
4786
14678
3650
834
5720
21694
30980
6723
25678
14672
32353
28582
5110
814
18936
27515
35315
27274
350
11330
13168
35310
889
19981
3827
1784
5599
32229
8866
15430
27638
25665
7386
6953
13166
4167
36701
13493
12302
7380
32270
35136
15152
3858
31965
3404
22638
33452
7107
1877
28394
34386
24531
27598
4147
33457
36698
1788
4357
18983
34034
30243
21831
34104
3935
27562
33473
1589
27403
27180
35523
32350
11993
1923
38501
31355
19555
3837
30571
25637
334
27255
38568
35446
28876
29700
33304
29592
1645
7002
1806
4807
9723
19397
4411
35383
30612
1480
24698
27057
14964
28580
3998
32471
4476
25328
32112
7009
3864
28566
30351
1714
15955
27414
21883
5155
16603
28870
31618
24233
21869
7039
31378
31799
27593
30949
25640
27060
13071
37669
11317
32262
33386
24645
27597
32069
28601
28873
3407
38671
19001
29096
35194
8863
30422
32078
32356
37592
5153
35418
27438
32015
32290
33770
19607
32406
26248
1805
32575
32106
24865
24764
15177
24864
28562
26069
38338
6653
32681
34067
13547
15566
34035
31948
35306
32376
30062
9692
26630
21884
4836
7423
24790
32085
27565
26001
26628
39033
29956
35314
1214
4683
15572
5139
25623
6389
949
34387
33488
33449
7146
21316
14688
1800
36672
18886
1918
14665
14663
28399
27664
24701
28603
21890
1861
22675
36675
4339
1709
11507
33308
1327
24778
28339
329
31379
25371
32548
314
4659
21889
38365
20035
35304
4898
19327
4257
3880
1802
14619
37120
25734
26399
3439
25643
35196
1860
110
24697
10601
21837
32160
36650
28741
19210
24532
25731
29726
5594
24759
4529
37512
34006
29860
19016
27471
27773
19434
4479
28577
24349
24472
1897
24666
35530
15433
27262
4528
34005
4012
14439
21927
25349
35308
5595
24557
13508
19391
32413
15428
4828
31522
20206
34052
19033
3671
16439
3113
9670
5053
12694
33835
3095
15470
12695
871
13640
3668
34000
15561
34055
373
37253
34051
7025
26387
15468
30876
425
18603
33435
26383
18578
34191
1764
13651
16736
30135
33890
37261
9391
12560
25220
4628
4625
12153
1765
28466
16560
34049
1827
16715
9392
33439
13637
37494
18948
30875
876
18575
27490
25216
30225
18577
13652
875
18576
34402
9390
37250
15451
30874
15559
890
9671
28468
30093
12154
12943
4895
18949
4630
15471
3284
30122
3190
426
16496
5350
30718
3010
30879
13530
4524
20052
37352
12401
157
33870
25217
35610
28464
4943
30133
13577
37696
14465
25222
15
14682
12055
11155
7939
6602
13641
25097
33799
5443
27966
35130
26176
26388
670
15328
1110
2958
4282
3097
2966
30179
33816
33781
33815
33830
33881
5394
3114
35644
1194
30094
18541
34057
16734
36641
1038
33792
26650
558
11268
26384
33181
9664
30413
13561
4205
28926
3227
2812
16050
1335
20191
16559
877
1292
13444
24916
3246
37490
37262
28470
34821
34088
13501
22055
16046
35613
19806
375
66
16737
37095
33441
37495
34407
8533
817
25260
7308
258
7305
12387
36609
11058
30931
1376
7487
16124
3470
7499
9647
3426
10782
20370
10608
28498
25767
10578
3513
3250
25154
6868
10252
3419
19482
25258
36615
35155
1104
656
36588
11071
25155
15921
20257
15978
27332
15983
16004
545
38869
24316
24311
36614
7481
36605
11034
11976
28499
6931
7254
10533
19393
9649
26726
1739
11068
608
25491
3480
15880
19794
11037
3705
9645
11039
7887
14577
4395
12123
13235
25559
10311
3286
19502
38855
36617
11054
6334
5727
36604
147
21235
25562
36589
708
6285
6292
25259
29922
1059
25257
24301
3424
472
36607
7066
25256
1095
1100
1012
36612
38700
26730
38866
34952
9789
34938
36969
18600
13463
18611
18615
18602
8970
34933
36965
11645
16622
18616
34937
36963
8971
34941
36967
9788
11647
36964
34951
34939
36974
18601
29059
36962
8931
16623
13459
36973
36970
11642
18614
11651
31958
21484
26695
9090
35380
34087
22101
11981
750
33189
26030
26962
6558
25954
8653
24522
12093
5330
3213
6848
20050
506
8109
24834
9433
24873
28921
33529
744
24958
27921
27944
25836
13694
13494
27927
19280
6438
6740
662
27973
8382
1466
28867
26456
19509
5004
3291
28304
1408
36435
8655
9044
5738
1624
19219
1532
31778
26974
33548
36431
25242
25906
595
1308
13062
30465
14475
636
38470
13158
32282
21592
1218
24917
37612
6426
616
24841
1863
33758
13080
30472
28045
25603
27942
32508
33608
8657
4725
35376
36877
33605
37017
9031
24669
6584
28062
25292
22011
20063
19297
19286
2903
33379
25335
18727
21945
6595
14690
27851
5169
38930
6555
34084
4539
1047
33550
3442
31974
19296
34840
219
19353
28915
13635
5196
3550
34244
27834
15453
25982
14642
33519
21931
3203
36856
28129
34248
19431
21579
4093
24519
24177
8668
25842
19816
27949
19389
8373
26035
4543
14453
32552
33089
33666
36685
4592
34276
18567
26018
5003
21538
36433
19528
4750
25265
13491
33098
27571
6831
5616
19711
31569
25486
19529
6667
28347
25199
26651
24998
33989
808
3750
3615
3754
6810
36990
3733
3808
3588
6797
3629
3813
6690
36988
6685
3624
37167
6818
21407
38454
6645
36987
3725
6788
3718
37152
37342
37529
7259
3812
3773
6709
6714
37042
7262
28113
3596
7265
3710
3751
3830
37576
3787
37564
37159
33987
38531
37151
33990
38478
6640
37045
28114
37153
37141
3618
37277
21410
3646
36985
6634
3644
3797
37040
37047
3809
3645
6794
3613
3767
37332
36986
6715
33988
3776
7248
3772
37276
3653
37154
3823
15392
3824
3614
15408
33991
6609
3616
3795
3643
6807
37563
3753
38477
3777
7249
35246
4585
21238
36747
14955
20128
27173
35069
30892
27045
19233
38512
518
10557
25947
1099
35243
27052
30331
10230
7027
29814
950
9373
29821
30408
10355
1094
21227
13186
10401
537
4797
4006
29817
30312
19226
35241
35251
32393
4130
27594
31945
38871
29826
3197
3108
1043
35236
25942
4086
19179
4155
37613
24724
10589
20055
24646
37196
37699
30006
27901
38888
27708
4829
38830
18650
6530
11974
35078
21841
5078
30009
26672
19246
33374
32377
3101
38682
27048
29629
14709
26258
32381
19221
2889
4041
4818
35233
1112
4583
38623
36506
31473
13188
36759
12066
5221
27247
6763
29878
24721
100
13154
10507
494
29598
10581
12955
27709
29813
29812
10748
8414
9061
36596
29788
36977
29674
5310
34320
22241
3517
4327
151
36976
8151
14839
8966
22923
6637
8905
1342
11007
25014
11721
34924
8202
36595
5429
5263
39178
12128
36978
9163
6523
38999
22797
13462
1091
8204
30109
35150
38749
20093
34319
21273
5262
30708
28954
29210
25894
31936
15979
16830
24608
31531
25896
31495
29091
26985
13989
13987
32096
29416
31867
26555
31811
16125
25314
26543
33131
28663
31594
25899
26109
32930
31417
26113
28774
35291
32101
31806
31526
28791
35738
25316
31589
10235
3452
24553
33278
24909
27171
33424
2860
486
3013
311
1410
10489
14671
27913
33174
33853
37199
24983
238
10555
33310
10498
26418
2859
26603
3747
26970
33897
3453
10469
106
28557
2830
26415
3632
3636
7931
469
10263
10531
10271
21695
10246
3457
11276
12715
33102
104
108
33884
10562
27789
27167
193
1258
2910
15576
26289
8343
16632
27659
37651
28434
15441
1791
35426
35463
30371
13726
3493
14858
22125
11278
21590
13727
13380
27759
15412
37583
21589
8697
21944
13376
14703
19747
35400
21953
15463
7013
13517
13155
16843
13226
22301
30565
16839
1705
28133
6852
22052
28605
14966
22086
35692
35432
8428
27981
26334
6490
24670
13118
35475
35437
30470
26251
6993
13339
29657
6603
14922
22021
21785
13741
28843
22103
28669
30553
26313
21573
15018
15419
21506
6466
26595
7010
24660
8584
26501
22019
13163
1742
14448
22268
13338
22270
35438
22231
3599
35632
28157
28359
15170
27727
13529
21819
19783
21556
21982
26337
19665
27893
30590
15438
14668
26473
21783
27716
10941
38465
35439
14791
30566
19994
22141
22237
19630
26340
16426
22120
13611
35394
13151
22310
15999
5335
11292
22144
24715
29224
20044
26497
26643
35424
14891
21794
5174
19723
27637
31796
26957
29552
27056
29805
27466
38614
4651
26245
419
14591
4142
34103
15940
3857
18887
7421
851
24863
13357
561
13167
5109
31521
35442
32547
25622
347
27591
32411
25326
562
24348
15403
28337
31374
33302
13169
19712
24866
18485
35305
27590
33365
26629
29335
1692
7007
31353
6999
5596
30787
4477
32068
32158
15079
33446
36699
18942
4719
32464
19006
27665
10406
21838
26627
1325
30420
30072
27469
13742
6954
12949
27252
1211
6388
1641
32351
30397
35524
4161
16074
33303
28561
9260
25666
33470
29591
36702
15404
19432
32082
36695
30061
31380
32463
27000
3437
6883
32108
38339
30238
34268
29165
5592
18999
27256
15567
20041
13212
32372
27526
35313
19392
14963
29854
27435
1782
11992
4677
26362
29236
24530
27259
7106
34060
20037
14904
28451
2867
21832
32574
29698
13172
27779
30948
14664
24696
13171
28868
29221
33444
20036
7427
29341
29892
809
38588
19394
36707
37621
28572
24695
109
4808
33769
27560
30665
15426
27639
21836
29264
36827
28581
24210
4527
32227
29013
28356
28567
27277
29414
25325
25467
29796
26002
14662
21885
22858
7003
14970
25999
13165
31843
33442
28560
29212
24231
35307
947
32268
1858
20039
25662
3826
30570
27512
19729
28871
8862
18504
38785
19412
15536
1789
25626
12708
27531
38413
29955
22784
4831
35417
4356
4255
28362
19554
4587
31798
36705
19209
21888
21830
28739
29129
36690
24760
29412
14686
4897
1917
27771
26785
27177
21826
32177
14618
850
14954
2868
15431
12301
15565
29339
37585
19315
19606
27596
28874
30208
24656
21299
1876
28740
33367
7409
4536
1478
32405
21925
24747
12166
35294
11982
38732
13619
4819
18924
4010
18982
11310
15246
21876
27176
36475
19589
30959
21865
32468
4389
3482
3951
1666
33263
25436
27200
30534
10543
29785
1202
25878
22258
29408
24575
29576
30140
1007
22005
31467
430
645
3138
696
21846
33177
27303
27544
31420
27078
28320
27688
31923
29610
33003
25856
28324
31383
488
640
28321
30024
24881
29402
33006
31404
904
10490
13979
27480
27566
578
25814
38705
3431
27284
27911
30316
24829
30947
27026
26588
24497
29914
30183
27181
27188
29355
33236
1196
26579
27476
18977
25976
31815
13145
28822
31458
1685
26536
29941
26923
13197
6370
9324
7292
9242
7530
35773
25608
26051
7099
7441
8123
9754
37527
6238
1079
24201
21955
4671
6230
6983
4763
4724
9133
38423
525
6229
6242
30206
37208
6991
30308
37206
9335
19283
7498
38540
1065
6276
27064
36750
37212
36766
4020
7330
36546
4545
4554
6661
4557
6260
6660
12669
36711
36755
24565
29891
39039
14908
29745
26312
31606
35139
28912
21581
33284
31874
31797
27265
27426
20127
28116
35490
24740
8872
30407
21981
35361
5742
28357
8731
33146
418
19218
28585
33186
14685
19722
116
11331
19388
19508
32035
18987
27552
32012
38495
29866
35202
29732
30540
14459
27270
24741
31975
25597
33405
25721
19301
25342
5772
37598
25281
27397
13181
34326
30582
25687
25684
14676
2839
32964
7446
31802
13528
25353
38506
831
37606
27457
7400
31830
30406
30515
7399
35204
28348
11345
28586
24564
32175
25462
11537
13073
28906
32555
22896
14972
5171
28351
25624
24901
36680
4788
704
30271
31581
32995
32039
30023
14997
384
35270
905
4646
4615
33481
25757
31858
26412
19612
26274
24770
30900
14989
6360
25431
19625
30999
33508
36511
24615
4163
13102
33002
30988
7032
33260
4655
8573
4663
4679
36624
24887
19617
32951
30996
19659
33437
34393
33461
34010
13687
1176
3978
28744
14612
14544
34023
19719
33494
26568
33467
7454
34063
25430
4686
7069
7523
27818
3690
5048
4667
27136
34053
5620
4695
34024
5669
11542
34413
7445
38503
7448
26311
32477
19387
31793
32134
12029
28449
12550
29864
25717
32918
32994
19716
12549
24900
32478
29865
24744
33199
27416
30405
26306
417
4781
30417
38770
4787
12184
33404
29890
32996
898
29816
24898
33115
12028
12185
27425
32482
27551
35488
38595
8730
37596
24746
32917
35494
343
27264
27267
19611
28584
32449
30419
39227
12031
37595
28043
11214
11211
2909
4918
13549
28247
30554
22907
11732
29279
13036
30494
30491
30487
30556
30489
21356
28232
4908
30558
28249
11207
4914
2988
32540
32569
29278
11467
11473
30496
2993
11143
12996
19569
11694
30056
30562
12580
21252
4849
4265
25033
4176
36457
1069
13505
8010
36548
8027
8495
12631
38724
6367
9463
27974
22039
4015
30486
22040
10349
1569
39166
37710
7189
12579
22038
14865
19489
6352
4097
4997
19404
16389
28291
30150
36924
6560
32935
12089
6349
7977
12976
27770
10558
36644
27604
38336
35244
30008
1061
29824
35248
27054
4830
26071
33378
27246
26259
29886
38625
4822
1113
19018
36649
27053
38915
1044
37116
24704
4817
24647
1004
4184
1042
28848
32399
495
19180
24861
33178
7239
27658
35073
519
4801
14697
6771
27174
27902
1096
27365
5217
7126
13187
3199
36828
29880
29820
38337
6708
18957
38913
37616
25948
24783
32380
30314
3110
19463
7029
10564
25941
994
24528
27047
21842
27766
27785
37111
14684
29877
25970
19308
30895
27787
560
4048
24733
7390
30992
952
30401
25945
12956
35235
6764
36535
27654
36670
4053
27241
35252
24780
30037
24860
18610
8906
33802
36910
9774
12574
6481
4304
36918
12571
33801
34914
12573
36917
34916
8857
34925
24972
19782
34889
30097
3340
4308
18594
28015
30082
36915
24973
3341
36922
4305
6454
33740
34922
28996
6473
1290
28013
24974
6485
30091
24970
19338
11287
36913
1251
36908
12570
8849
4302
30685
4306
24946
36920
29002
24971
5403
1283
11583
29235
1286
1281
12567
9773
19342
34876
19343
34868
6482
28992
9417
34872
36911
4307
13294
30686
4275
33803
34902
28026
8848
8424
5401
83
20083
5384
36916
9779
18607
12522
34866
6457
28011
36909
34867
20182
19330
19336
32509
4419
5400
12566
12569
5404
19341
34873
19344
30711
36904
30682
8417
36912
5396
3342
28016
5402
1246
4303
30684
16515
29228
28040
18608
13293
18606
29001
34888
24943
34874
34887
34884
6464
6483
8852
5397
12575
3288
160
9058
30545
4321
27992
18652
10391
1578
28092
19417
31788
12500
32309
28261
16816
1084
25104
34861
30199
34255
29114
32622
29761
32002
32295
18513
7235
21702
30510
30803
25262
29694
31566
51
31821
30305
10773
32320
30201
8134
7355
29379
29038
30296
38744
6772
31359
5182
11661
5234
1393
15219
30511
28265
32635
13535
15903
16642
18515
18654
15369
31789
15394
29382
30804
30606
32624
16817
30204
170
25275
3073
13043
54
25268
7241
16028
162
21294
1088
32310
29381
31876
30306
19379
4324
25270
29695
16727
3051
27984
15364
33940
32296
29098
666
32579
25112
32580
7358
27983
19798
16473
29099
30187
18516
8136
30297
29742
31361
29677
34256
21408
30202
18705
19419
32311
29713
31832
3297
27993
32003
29762
34915
18964
30546
18655
5184
32192
15382
31772
5765
22287
5497
5587
5755
22307
21627
21628
21625
22249
22284
22282
5716
22286
22274
5715
5699
21710
22298
22281
21685
5754
5753
5536
5732
21697
22280
21658
22291
22283
22288
21633
5707
21639
22275
5506
5763
21638
5586
5508
21699
5706
5485
21624
22289
29693
28443
216
28479
9384
587
6664
25340
27915
28346
21578
4588
9711
25611
9660
27750
26331
28687
27231
39212
26013
28690
27668
24173
32084
2832
38876
22674
38970
33366
934
26613
13056
39154
27463
25026
28559
25512
32316
25572
30285
25547
19494
31368
19407
25352
25544
25532
25546
30887
10834
10809
25574
30940
32640
10437
32183
32226
10440
30330
32632
30929
30328
30300
30279
25565
25567
30333
32196
30287
32626
25531
32327
32325
32211
25458
10461
19421
19483
10788
32188
19465
4515
25575
19445
10455
25530
19484
4512
25280
31365
25568
10397
25563
25548
32200
4514
25524
25545
33251
32472
27087
5690
20014
38722
29797
6748
20006
20004
33245
26490
22821
1374
4709
20019
26652
29869
25356
32412
28725
18537
257
30616
29872
24711
28856
28717
4582
26267
4704
28729
28860
3701
6866
26608
6880
20027
25821
227
35257
6662
20001
25354
4154
35261
95
33010
5660
35253
3164
20016
28622
28680
7414
22882
28706
18990
20008
29774
30962
7880
7430
28621
575
7111
35249
32435
1851
38959
28415
28677
18532
10576
26462
963
5665
28607
22823
10309
25852
878
28671
5550
28618
28852
20023
19997
27712
28416
847
13156
4579
29875
20021
25817
5654
32999
9595
7442
5722
28620
3423
2816
27711
32383
32124
6814
4136
5277
19021
25819
29831
13153
7170
21607
1824
13429
38489
29853
35054
34261
7042
38488
30459
7180
24997
30629
38635
37692
28140
9172
38557
32911
794
30170
7184
27937
956
20121
32145
15411
14447
14473
32978
6836
14651
30319
3490
8766
30701
38573
365
34331
31982
18585
8039
401
38412
32971
3947
31756
25008
15300
30808
21550
12984
7314
30969
4197
29296
30325
38449
10857
3278
32123
37258
25986
29783
371
8764
9367
13583
35617
38377
29293
35327
8903
3347
32371
8913
4623
22393
29654
35639
36729
22261
19504
4738
654
862
37376
19830
32959
3687
3660
6519
7933
12259
7279
10968
7296
6998
3484
35303
3657
38476
3908
3848
14646
13052
3895
28547
31860
322
36880
412
7470
32080
4187
12197
10849
15082
3464
11552
6902
28535
31963
7275
35627
6790
957
34301
32946
6647
5346
19481
27485
32977
4246
35618
10741
3829
3263
14444
15320
9220
25741
13633
30954
4189
4549
35300
13049
4364
21911
35707
638
30925
37224
28920
570
37190
6865
36721
33343
36725
29729
33487
28493
8759
7493
1501
31598
32515
25755
9718
2853
30103
33188
4533
12051
3847
31483
32955
13468
14655
32343
28839
27454
10496
30626
13242
28193
26351
25671
359
786
32206
865
32333
960
15021
26278
32645
26276
3090
32974
31813
884
30292
32687
25510
27646
366
31745
30505
30378
27648
28472
25675
2827
394
25712
30595
3641
26006
25494
30653
33217
31889
31371
29636
35781
35583
27369
31913
32336
27641
30040
25174
4729
35620
32214
31428
19468
19619
33380
27649
14750
16646
25162
16001
31426
10780
30975
16465
10462
13731
32495
4200
32220
35574
32655
25991
10385
27684
4296
25993
20255
32230
20277
19510
10493
11967
12398
25487
10322
35782
32236
19968
4049
30699
25688
25395
38558
24614
25844
24505
26736
24769
27110
29899
32119
25388
29903
26738
28743
30445
21282
27410
28658
3137
32924
25209
24890
29894
3689
30450
1753
38579
33466
31808
26567
37237
38370
24616
13093
37317
36635
30447
26432
38673
28659
37320
3950
27281
32452
26057
30983
25659
37554
15496
21327
29896
39045
26563
37298
30452
38543
15494
28667
19038
25756
37693
25858
5640
13650
24750
24772
1161
25429
1199
3136
21280
26225
37316
26368
24204
28433
26121
26564
39221
27738
29602
30021
37326
30997
7506
27407
37553
33001
11554
25428
33502
24886
27743
